-0.0014408392598852515
0.10323861986398697
-0.15839511156082153
-0.14163152873516083
-0.07412299513816833
0.051606908440589905
-0.0038130483590066433
0.15259164571762085
-0.01707880012691021
0.05092471092939377
-0.0581609345972538
-0.03782902657985687
-0.18385690450668335
-0.12745624780654907
-0.0793323740363121
0.00712903868407011
0.07608229666948318
0.11547444015741348
-0.13046982884407043
-0.08380486071109772
0.06990116834640503
0.1598082333803177
-0.03960626199841499
0.1440126597881317
-0.031019750982522964
0.020363932475447655
0.1742589771747589
-0.1785302460193634
-0.12115463614463806
-0.04872167482972145
-0.0750170350074768
0.16627703607082367
-0.12474223226308823
-0.08859110623598099
-0.1344534158706665
-0.18024124205112457
-0.11234090477228165
0.1654297262430191
0.0858747661113739
0.0932752788066864
0.01012125052511692
-0.0986659899353981
0.032559607177972794
-0.17968963086605072
-0.1390579342842102
-0.09921379387378693
0.12142406404018402
0.11283757537603378
-0.08535066246986389
-0.006944058462977409
0.12308351695537567
0.1913210153579712
0.07638001441955566
0.025998631492257118
0.12903515994548798
-0.11331506073474884
0.03586192429065704
-0.14920762181282043
-0.13338449597358704
-0.09941655397415161
0.08707848191261292
0.07739580422639847
-0.11399829387664795
0.05814053863286972
0.10564971715211868
-0.0242905430495739
0.007348041515797377
0.044591594487428665
0.119391530752182
0.18478944897651672
-0.14830657839775085
-0.07052713632583618
0.07563479244709015
0.15945440530776978
0.1674714833498001
0.16980963945388794
0.038300368934869766
-0.16735126078128815
0.017703965306282043
-0.12039780616760254
-0.17935466766357422
0.170990452170372
0.1463313102722168
-0.19197434186935425
0.03602127730846405
-0.032420143485069275
-0.03166981041431427
-0.08809535205364227
0.07400786876678467
-0.11398886889219284
0.07055053859949112
0.09732356667518616
0.13776955008506775
0.0719592347741127
-0.19047464430332184
-0.12484177947044373
0.09609322249889374
0.0402800627052784
-0.15012724697589874
-0.11081651598215103
0.18104729056358337
0.12967631220817566
-0.08391308039426804
-0.048436760902404785
-0.1833275854587555
-0.003459124593064189
-0.1449262499809265
-0.1484476625919342
-0.01060392428189516
0.028895428404211998
-0.07881414145231247
0.1141955703496933
-0.21883368492126465
-2.435065269470215
-0.07291475683450699
-0.0339864082634449
0.9625182747840881
0.34916824102401733
-0.9214619994163513
-0.05619478598237038
-0.6226984858512878
-0.4637221693992615
1.921782374382019
-0.4025455415248871
0.12390247732400894
1.1647834777832031
0.9233735203742981
1.3872952461242676
-0.8833757638931274
-0.41891348361968994
-0.8048264980316162
0.5656096339225769
0.6103646159172058
0.4668835401535034
1.9506571292877197
-1.0630985498428345
-0.07732575386762619
0.1163986474275589
-0.5939908027648926
-1.2439281940460205
-0.10209263116121292
-1.033548355102539
-0.3126388192176819
0.24578547477722168
-0.2596415579319
0.11833705008029938
0.2439592480659485
1.1646006107330322
0.2885761559009552
0.38659775257110596
-0.20106391608715057
-0.11792698502540588
0.19219905138015747
-0.7721568942070007
-1.9003453254699707
0.13067744672298431
-0.704293966293335
0.3147209584712982
0.15739288926124573
0.3853627145290375
0.9671456813812256
-0.9910827279090881
0.3016054332256317
-0.10731692612171173
0.998456597328186
-0.49871477484703064
0.7611109018325806
0.6183008551597595
0.31404855847358704
0.21333299577236176
-0.1200508326292038
0.36045971512794495
-0.31403499841690063
-1.0787080526351929
0.24081051349639893
-1.396227240562439
-0.06614404916763306
-0.3583550751209259
-1.5615617036819458
-0.3546432852745056
1.0810725688934326
0.13147805631160736
1.5735383033752441
0.7814299464225769
-1.0786579847335815
-0.720909833908081
1.4707926511764526
0.2756350040435791
0.6667810678482056
-0.9943896532058716
-1.189363956451416
-1.1959494352340698
-0.5596300959587097
0.5334718227386475
0.40688660740852356
0.3945865333080292
0.1715109646320343
0.876044750213623
-0.28708741068840027
1.0216400623321533
-0.07439491897821426
-1.0922236442565918
0.392026424407959
0.5945261120796204
0.6622740626335144
-1.2063024044036865
0.6074396967887878
-0.547156810760498
1.1710889339447021
0.0974961370229721
0.9633745551109314
0.8403232097625732
-1.2536547183990479
0.9868360757827759
-0.494655042886734
-1.2830430269241333
0.9552218317985535
1.2835776805877686
-0.6658611297607422
0.5651336908340454
0.28770339488983154
-0.03337478265166283
-1.0618884563446045
-0.11442617326974869
-0.3433358073234558
1.5712648630142212
0.19161488115787506
0.37994185090065
-0.14475703239440918
0.637617826461792
-0.2812902331352234
-1.329875111579895
-0.14201079308986664
-0.5341457724571228
-0.5233790278434753
0.8615042567253113
-0.8869631886482239
0.8387746810913086
1.1528950929641724
-1.7610981464385986
-1.4777427911758423
-1.7556711435317993
0.07616609334945679
-1.0786033868789673
1.4403421878814697
-0.11059419065713882
0.576860249042511
-0.16917409002780914
-0.06402487307786942
1.0384255647659302
0.9068235158920288
-0.47551384568214417
-0.8707435727119446
0.14474289119243622
1.902856469154358
0.39039579033851624
-0.03937254101037979
-0.8014721870422363
-0.49554431438446045
-0.36151406168937683
0.5851132273674011
-1.1560065746307373
-0.14336487650871277
-0.19474059343338013
-0.08556340634822845
1.3945199251174927
0.5969000458717346
-0.4828483462333679
-0.3660986125469208
-1.3270524740219116
1.695279598236084
2.0654995441436768
-0.2339576780796051
0.7073183059692383
0.5800480842590332
0.2683020830154419
-2.05893874168396
0.5340206623077393
-0.5353949069976807
-0.863664984703064
-0.023494405671954155
1.171669840812683
0.3986871838569641
-0.19871552288532257
-1.1559407711029053
-0.3166695237159729
0.9402980804443359
-1.1469545364379883
0.5588033199310303
0.7917584776878357
-0.18467576801776886
-0.7317724823951721
-0.0806519165635109
-0.9800607562065125
0.060491468757390976
-0.4889546036720276
-0.8137312531471252
0.8199948072433472
-0.633173406124115
1.2947547435760498
1.4628292322158813
-0.6204336285591125
0.988389253616333
-0.4321781396865845
-0.6232188940048218
-0.21624533832073212
-0.48867544531822205
0.7869559526443481
0.10759072750806808
-1.0714776515960693
-0.11664776504039764
-1.0169707536697388
-1.1979783773422241
0.47843775153160095
-1.2295243740081787
-1.3700363636016846
1.5435417890548706
-0.0332069993019104
-0.4186263680458069
-0.25559672713279724
-0.12923042476177216
-0.05459475517272949
0.4083467423915863
1.1263659000396729
1.9350574016571045
1.0076850652694702
1.0046416521072388
-0.43351978063583374
-1.2425976991653442
1.2845500707626343
0.24377228319644928
0.5303686261177063
-0.014530729502439499
-2.235718250274658
1.4660301208496094
-1.2190581560134888
0.64423006772995
3.9300038814544678
-0.1244242936372757
0.29534170031547546
0.38265419006347656
-0.549721360206604
-0.9940357208251953
1.345936894416809
1.9456682205200195
-1.2903639078140259
-2.3494760990142822
-2.068861961364746
0.9094210863113403
-0.6946200728416443
1.9594571590423584
-1.1038278341293335
0.5411418080329895
1.5389583110809326
1.0860490798950195
1.246405005455017
0.11507505923509598
1.619307518005371
0.4636935293674469
1.3007354736328125
0.873230516910553
0.0651267021894455
0.7732411026954651
-0.970138430595398
-0.8876768946647644
-0.3183162808418274
-0.3344036936759949
0.4542836546897888
0.49895304441452026
0.8779974579811096
0.38944435119628906
1.462517499923706
0.47950610518455505
-0.5333999991416931
-0.03465134650468826
0.6572969555854797
-0.3112243115901947
-0.5620035529136658
-0.4834926426410675
-1.2721126079559326
-0.17401821911334991
0.5541167259216309
-0.18165524303913116
-0.23447339236736298
0.2942013144493103
0.7973223924636841
1.264215350151062
0.9354923367500305
0.5454635620117188
-1.537388801574707
0.31243863701820374
0.7400596737861633
1.4502208232879639
4.1014933586120605
1.1182258129119873
-1.566847324371338
-0.698975145816803
0.5743863582611084
1.2380632162094116
-0.6405401229858398
-0.7644728422164917
0.2408405840396881
0.16642573475837708
-2.2318146228790283
1.3892112970352173
-0.5023325681686401
1.6796927452087402
-1.0239529609680176
1.6859242916107178
-1.2176920175552368
0.7649633288383484
1.1971181631088257
-0.7127861380577087
-0.06557553261518478
2.204970359802246
1.7851709127426147
-0.011840226128697395
0.9796671271324158
-1.0660514831542969
1.7719635963439941
-0.27926018834114075
-0.2769014239311218
0.7489254474639893
-0.6434551477432251
-0.9517593383789062
0.27152127027511597
0.6715788841247559
1.8499822616577148
1.1909500360488892
-0.5898565053939819
0.9646937847137451
-1.5093512535095215
2.255730628967285
1.2287956476211548
-0.4854608178138733
0.4535713195800781
1.3514447212219238
0.43392693996429443
-0.5132520198822021
-0.18602684140205383
0.27565816044807434
0.10969064384698868
0.3594241142272949
-0.753738522529602
0.22939959168434143
-0.2544439733028412
1.5800135135650635
-0.24436436593532562
-1.1991091966629028
-0.025686167180538177
1.802375078201294
-1.0596531629562378
3.4028263092041016
-0.5686699748039246
-0.47548907995224
1.7431631088256836
-0.2044074535369873
-0.31641438603401184
1.2937437295913696
1.3452622890472412
0.19394376873970032
1.5716748237609863
-0.38273510336875916
1.3950834274291992
0.3427455425262451
-1.6044925451278687
-0.5873053073883057
0.6003884673118591
0.4378035068511963
-0.0964546799659729
0.33026883006095886
-0.1875188946723938
-1.4270646572113037
0.5925541520118713
-1.1581913232803345
0.035760924220085144
0.21601258218288422
-0.9160799980163574
1.5598512887954712
-3.153724431991577
-0.5611025094985962
-0.4302971065044403
-0.33322519063949585
-1.5463972091674805
-0.01471690647304058
1.2251118421554565
1.5936388969421387
-1.6314972639083862
-0.05687696486711502
0.6296589970588684
0.27116894721984863
-0.6859830617904663
-1.0917942523956299
1.6796669960021973
-0.8808236718177795
0.5800328254699707
0.5814937353134155
0.01248171366751194
-0.39951494336128235
0.012103123590350151
0.194634348154068
0.42941421270370483
-0.2496623545885086
-0.41314753890037537
-0.3494408130645752
-0.837897002696991
0.42317813634872437
-0.540101170539856
0.4127941429615021
0.347966730594635
-0.16156794130802155
-0.24907824397087097
0.05562513321638107
0.5317699909210205
-0.13336791098117828
-0.6234809756278992
-0.837027907371521
-0.01922760345041752
0.04568827152252197
-0.3102107048034668
-0.40877681970596313
-0.20576106011867523
-0.01935800164937973
0.16683676838874817
0.14321526885032654
-0.2261875420808792
-0.16369740664958954
-0.3284948170185089
0.17693939805030823
-0.5746487975120544
0.3722791075706482
-0.3492007851600647
-0.2633143365383148
0.19103889167308807
-0.40438053011894226
0.09061027318239212
-0.2103845626115799
-0.026853544637560844
0.7668460011482239
0.4741242229938507
-0.23975300788879395
0.04163215681910515
-0.1891658753156662
0.13636678457260132
0.30108100175857544
-0.45141908526420593
-0.1826242357492447
-0.054467976093292236
-0.7894247770309448
0.4286627471446991
0.6921109557151794
0.6825710535049438
0.4447965621948242
-0.09237033873796463
0.08179719001054764
1.0852069854736328
0.33147546648979187
-0.022944549098610878
-0.8390177488327026
-1.0442540645599365
0.5165758728981018
-0.8060497045516968
0.05199332535266876
0.21838173270225525
0.25347989797592163
0.6689795255661011
-0.0010773721151053905
0.39245885610580444
-0.2842438220977783
-0.6702714562416077
-0.15205605328083038
-0.09787029027938843
-0.744462251663208
0.14990223944187164
0.39591050148010254
-0.18885737657546997
-0.07072668522596359
0.2862923741340637
-0.130917027592659
-1.0505069494247437
-0.48300763964653015
0.056153107434511185
0.924008309841156
0.6599565744400024
-0.49640029668807983
-0.19998860359191895
0.07402998208999634
0.19287067651748657
0.022061318159103394
-0.5758323669433594
-0.45652925968170166
0.6247749924659729
-0.03676332160830498
1.2308425903320312
0.38516420125961304
0.10163809359073639
-0.6880953907966614
0.1043396070599556
0.7767808437347412
0.32952576875686646
-1.2581212520599365
0.20207884907722473
-0.9514287710189819
-0.4175362288951874
-0.8327656984329224
-0.8910067081451416
0.09398369491100311
0.607060968875885
0.788416862487793
0.7085175514221191
-0.4297446608543396
0.4628515839576721
0.15730132162570953
0.5236015319824219
-0.02208223007619381
-0.1894804686307907
-0.29610276222229004
-0.6514679193496704
0.6043031215667725
0.7068939805030823
-0.2681198716163635
0.8525558114051819
0.474496066570282
-0.34681957960128784
0.5413463115692139
0.202659472823143
0.23495888710021973
0.9003192782402039
0.08530125766992569
0.6776759028434753
-0.0627225711941719
0.3945092260837555
0.4883140027523041
0.49617981910705566
0.4472021460533142
-0.6108895540237427
-0.4428640604019165
-0.1274147629737854
-0.3185226023197174
1.010898232460022
0.44788575172424316
-0.08727776259183884
1.6271698474884033
0.36506858468055725
-0.43017634749412537
0.45419883728027344
0.9801766276359558
-0.31794610619544983
-0.013499582186341286
-0.3428136110305786
0.16432596743106842
0.5055572390556335
-0.00813109241425991
-1.4297930002212524
0.17335408926010132
0.5630702376365662
-0.13922889530658722
0.4819207489490509
-0.5387332439422607
-0.5748043656349182
-0.17655961215496063
0.38666847348213196
-0.6931770443916321
0.5726208090782166
-0.4154357314109802
0.7450600266456604
0.49839848279953003
-0.04500347003340721
0.9890117645263672
-1.8819295167922974
0.26210105419158936
-0.48295000195503235
-0.5128278136253357
-0.024335253983736038
-0.30869582295417786
-0.4872501790523529
-0.00965570006519556
-0.5349698066711426
-0.24228864908218384
-0.16821397840976715
0.333469420671463
-0.16856195032596588
-0.6249527335166931
-0.2520071566104889
1.0081937313079834
1.3422729969024658
-0.5587390065193176
0.7874658703804016
0.36045143008232117
0.4135167598724365
0.05502701178193092
-0.1295645385980606
-1.8402602672576904
0.7306766510009766
1.6017067432403564
0.26643285155296326
-0.48165953159332275
0.4832841753959656
-0.04067027196288109
-0.6754671931266785
-1.36179780960083
-1.6834231615066528
-0.8746298551559448
0.22686871886253357
-0.8129105567932129
0.31097784638404846
-0.4406752586364746
0.2989695370197296
0.6609145402908325
0.1994462013244629
0.5349229574203491
0.21910062432289124
-0.1682148426771164
0.09972763806581497
-0.16655771434307098
0.4244082272052765
0.34511488676071167
-0.6919204592704773
-1.2838040590286255
0.5874563455581665
-0.45274826884269714
-1.4415667057037354
-0.2715390920639038
-0.5419553518295288
0.7468857169151306
-0.029064171016216278
0.670906126499176
0.053981147706508636
0.7985532283782959
-0.2742769420146942
0.6640242338180542
-0.70892733335495
-0.5058413147926331
0.6479559540748596
0.09406722337007523
0.06509166210889816
-0.5860371589660645
1.9542841911315918
-0.050538044422864914
0.493673712015152
-0.5995096564292908
0.9273983240127563
-0.9521076083183289
-0.2626836597919464
-0.24524348974227905
-1.5491043329238892
-0.09731031209230423
-0.7483940720558167
-0.24369581043720245
0.20315738022327423
0.3632354736328125
0.5368252396583557
-0.6100567579269409
-0.2917443513870239
-0.2569006085395813
-0.13695178925991058
-1.9429497718811035
-0.020452046766877174
-0.0016908602556213737
0.36268365383148193
0.0029648232739418745
0.44224491715431213
0.08813780546188354
0.5228555202484131
-0.6576666831970215
0.1453929990530014
0.8562889695167542
1.4174789190292358
0.5148264765739441
0.7510780096054077
-1.0064595937728882
0.35051289200782776
1.41314697265625
0.1658201664686203
0.4264232814311981
0.27789872884750366
-0.5408213138580322
-0.6216490268707275
0.46710941195487976
0.19634616374969482
-0.6264115571975708
0.3419118821620941
-0.49294957518577576
1.1599124670028687
