-0.005293981172144413
0.37932288646698
-0.5819807648658752
-0.5203874707221985
-0.27234524488449097
0.1896158903837204
-0.014010033570230007
0.5606575012207031
-0.06275151669979095
0.1871093362569809
-0.2136969119310379
-0.13899271190166473
0.40334683656692505
0.8380263447761536
-0.7192575931549072
-0.40334352850914
-0.5966353416442871
0.18203648924827576
-0.8566746115684509
1.1006041765213013
0.25299572944641113
-0.48372912406921387
-0.16464340686798096
0.3252021074295044
-0.2119412124156952
0.8155983686447144
-0.09429086744785309
-0.35505348443984985
0.009457670152187347
0.4396101236343384
-0.016689106822013855
-0.02857370674610138
0.35926806926727295
0.11293686926364899
0.22830639779567719
0.49007129669189453
