1.5123707056045532
-0.9630228281021118
0.40861183404922485
0.5553596019744873
1.5346928834915161
-0.4076414704322815
1.0543851852416992
-0.685174822807312
0.6142997145652771
1.1559646129608154
-1.0179858207702637
-0.6206147074699402
-1.479536533355713
0.8541234135627747
-0.4411212205886841
-0.9202762246131897
0.6439876556396484
1.525819182395935
0.04353071376681328
0.4352113604545593
0.10398498922586441
1.6011152267456055
-1.3087164163589478
0.7384393811225891
0.4785381853580475
1.3086835145950317
-0.558750331401825
0.23590530455112457
-1.0889382362365723
-1.700945496559143
-0.21984142065048218
0.17978060245513916
-1.5803546905517578
0.3598937690258026
-1.4076695442199707
-0.38577646017074585
1.148356318473816
0.5023770332336426
-1.607999563217163
1.3975852727890015
-0.02821497991681099
1.7850147485733032
-1.49911367893219
-0.4840070307254791
0.28754910826683044
-2.065533399581909
1.4562047719955444
-0.21671675145626068
1.7883620262145996
0.9557955265045166
0.004249049816280603
0.39488425850868225
0.0943276435136795
1.6203927993774414
1.4526290893554688
-0.2772148549556732
1.0974023342132568
-0.4460751414299011
-1.0877478122711182
-0.2398638129234314
-0.4685845375061035
0.5899221301078796
-0.7870581746101379
-0.917713463306427
-1.6601487398147583
-0.6503167748451233
-0.8885911703109741
0.48954281210899353
-0.3274178206920624
-0.45187607407569885
-0.32634902000427246
-2.1898391246795654
-0.09284698963165283
0.6297418475151062
-0.007871605455875397
-1.8202030658721924
-0.12238660454750061
0.1004389077425003
0.9607242345809937
-0.6390336751937866
0.7281327247619629
1.787688970565796
-1.5312708616256714
0.3868422210216522
-0.9146151542663574
-1.4859081506729126
-1.3279306888580322
0.5774749517440796
-0.9438367486000061
-1.588126540184021
1.1321001052856445
0.8441967368125916
0.3831239342689514
-0.9040520191192627
0.18013866245746613
-0.24159099161624908
-0.19168855249881744
-0.20137616991996765
-1.1285794973373413
-1.2886466979980469
1.2187740802764893
0.4464544653892517
-1.7362877130508423
0.6640617251396179
1.3914355039596558
0.28231358528137207
1.340926170349121
-0.3580874502658844
-0.12259139865636826
-0.6808581352233887
0.1735936552286148
-0.2837703227996826
0.5274297595024109
-1.2310200929641724
-0.7481473088264465
0.41804054379463196
-0.9756433963775635
1.4741305112838745
1.2965190410614014
1.7245845794677734
0.07003328204154968
0.6325395107269287
0.5553246736526489
-0.5766809582710266
-2.1458959579467773
0.2818117141723633
-1.4421756267547607
0.48842307925224304
1.5123707056045532
0.0
0.40861183404922485
0.5553596019744873
1.5346928834915161
0.0
1.0543851852416992
0.0
0.6142997145652771
1.1559646129608154
0.0
0.0
0.0
0.8541234135627747
0.0
0.0
0.6439876556396484
1.525819182395935
0.04353071376681328
0.4352113604545593
0.10398498922586441
1.6011152267456055
0.0
0.7384393811225891
0.4785381853580475
1.3086835145950317
0.0
0.23590530455112457
0.0
0.0
0.0
0.17978060245513916
0.0
0.3598937690258026
0.0
0.0
1.148356318473816
0.5023770332336426
0.0
1.3975852727890015
0.0
1.7850147485733032
0.0
0.0
0.28754910826683044
0.0
1.4562047719955444
0.0
1.7883620262145996
0.9557955265045166
0.004249049816280603
0.39488425850868225
0.0943276435136795
1.6203927993774414
1.4526290893554688
0.0
1.0974023342132568
0.0
0.0
0.0
0.0
0.5899221301078796
0.0
0.0
0.0
0.0
0.0
0.48954281210899353
0.0
0.0
0.0
0.0
0.0
0.6297418475151062
0.0
0.0
0.0
0.1004389077425003
0.9607242345809937
0.0
0.7281327247619629
1.787688970565796
0.0
0.3868422210216522
0.0
0.0
0.0
0.5774749517440796
0.0
0.0
1.1321001052856445
0.8441967368125916
0.3831239342689514
0.0
0.18013866245746613
0.0
0.0
0.0
0.0
0.0
1.2187740802764893
0.4464544653892517
0.0
0.6640617251396179
1.3914355039596558
0.28231358528137207
1.340926170349121
0.0
0.0
0.0
0.1735936552286148
0.0
0.5274297595024109
0.0
0.0
0.41804054379463196
0.0
1.4741305112838745
1.2965190410614014
1.7245845794677734
0.07003328204154968
0.6325395107269287
0.5553246736526489
0.0
0.0
0.2818117141723633
0.0
0.48842307925224304
