-1.1258398294448853
-1.152360200881958
-0.2505785822868347
-0.4338788092136383
0.8487103581428528
0.6920091509819031
-0.31601276993751526
-2.1152193546295166
0.46809640526771545
-0.1577124446630478
1.4436601400375366
0.26604941487312317
0.16645534336566925
0.8743818402290344
-0.14347384870052338
-0.1116093322634697
0.9318265914916992
1.2590092420578003
2.0049805641174316
0.05373690277338028
0.6180566549301147
-0.41280221939086914
-0.8410648107528687
-2.316041946411133
-1.376017451286316
-1.418762445449829
0.03470857813954353
-0.2607305347919464
0.3684115409851074
0.23378828167915344
-0.6322115659713745
-2.177924394607544
0.5537765622138977
-0.03907030448317528
1.4779564142227173
0.3623715937137604
0.7068743705749512
1.8478940725326538
0.20733754336833954
0.2586960196495056
0.4398173689842224
0.7209026217460632
1.3617725372314453
-0.3145565688610077
0.6958382725715637
-0.2807242274284363
-0.6864297986030579
-2.0837182998657227
