-0.0021612588316202164
0.15485791862010956
-0.2375926673412323
-0.21244730055332184
-0.1111844852566719
0.07741036266088486
-0.005719572305679321
0.22888746857643127
-0.02561819925904274
0.07638706266880035
-0.08724139630794525
-0.05674353986978531
-0.275785356760025
-0.1911843717098236
-0.11899855732917786
0.010693557560443878
0.11412344127893448
0.17321166396141052
-0.19570472836494446
-0.12570728361606598
0.10485174506902695
0.23971234261989594
-0.05940939113497734
0.21601898968219757
-0.046529628336429596
0.030545899644494057
0.2613884508609772
-0.2677953541278839
-0.1817319393157959
-0.07308250665664673
-0.11252555251121521
0.2494155466556549
-0.18711334466934204
-0.13288664817810059
-0.20168012380599976
-0.27036187052726746
-0.16851136088371277
0.24814458191394806
0.12881214916706085
0.1399129033088684
0.01518187578767538
-0.14799897372722626
0.04883940890431404
-0.2695344388484955
-0.2085869014263153
-0.1488206833600998
0.18213608860969543
0.16925635933876038
-0.12802599370479584
-0.010416087694466114
0.1846252679824829
0.2869814932346344
0.012184052728116512
-0.08745395392179489
0.434675931930542
0.05019128695130348
0.43510252237319946
0.3742223083972931
0.5259641408920288
0.4091031849384308
1.0
1.0
1.0
1.0
0.0
0.0
0.0
0.0
-0.23033547401428223
-0.3917543888092041
0.5432947278022766
-0.3951575458049774
0.20552566647529602
-0.4503297507762909
-0.5730770826339722
-0.5553584098815918
-1.1256016492843628
-0.31699809432029724
-1.09246826171875
-0.08519429713487625
-0.09334823489189148
0.6870502233505249
-0.8383153676986694
0.0008918217499740422
-0.7504268288612366
0.18540798127651215
0.621138334274292
0.6381815671920776
-0.24600094556808472
2.302516460418701
-1.881689190864563
-0.049727022647857666
0.0
0.0
0.0
0.0
0.0
0.0
0.0
0.0
0.0
0.0
0.0
0.0
0.0
0.0
0.0
0.0
0.0
0.0
0.0
0.0
0.0
0.0
0.0
0.0
