-0.0021612588316202164
0.15485791862010956
-0.2375926673412323
-0.21244730055332184
-0.1111844852566719
0.07741036266088486
-0.005719572305679321
0.22888746857643127
-0.02561819925904274
0.07638706266880035
-0.08724139630794525
-0.05674353986978531
-0.275785356760025
-0.1911843717098236
-0.11899855732917786
0.010693557560443878
0.11412344127893448
0.17321166396141052
-0.19570472836494446
-0.12570728361606598
0.10485174506902695
0.23971234261989594
-0.05940939113497734
0.21601898968219757
-0.046529628336429596
0.030545899644494057
0.2613884508609772
-0.2677953541278839
-0.1817319393157959
-0.07308250665664673
-0.11252555251121521
0.2494155466556549
-0.18711334466934204
-0.13288664817810059
-0.20168012380599976
-0.27036187052726746
-0.16851136088371277
0.24814458191394806
0.12881214916706085
0.1399129033088684
0.01518187578767538
-0.14799897372722626
0.04883940890431404
-0.2695344388484955
-0.2085869014263153
-0.1488206833600998
0.18213608860969543
0.16925635933876038
-0.12802599370479584
-0.010416087694466114
0.1846252679824829
0.2869814932346344
-1.2904350757598877
-0.7911027073860168
-0.02087947353720665
-0.7184800505638123
0.5186367630958557
-1.3125219345092773
0.1919950693845749
0.5427713394165039
-2.2187793254852295
0.2589845359325409
-1.0297021865844727
-0.5007584095001221
0.06859438121318817
-5.570240318775177e-06
1.2466965913772583
0.4220831096172333
0.06859438121318817
0.0
1.2466965913772583
0.4220831096172333
