-1.1258398294448853
-1.152360200881958
-0.2505785822868347
-0.4338788092136383
0.8487103581428528
0.6920091509819031
-0.31601276993751526
-2.1152193546295166
0.46809640526771545
-0.1577124446630478
1.4436601400375366
0.26604941487312317
0.16645534336566925
0.8743818402290344
-0.14347384870052338
-0.1116093322634697
0.9318265914916992
1.2590092420578003
2.0049805641174316
0.05373690277338028
0.6180566549301147
-0.41280221939086914
-0.8410648107528687
-2.316041946411133
-0.2505785822868347
0.8487103581428528
1.4436601400375366
0.8743818402290344
2.0049805641174316
0.6180566549301147
