1.5409960746765137
-0.293428897857666
-2.1787893772125244
0.5684312582015991
-0.35612836480140686
0.4372227191925049
0.4913049638271332
-0.20410172641277313
-0.08853142708539963
0.5238832831382751
-0.6658713221549988
0.8503773808479309
-0.6135830879211426
0.03159274160861969
-0.4926769733428955
0.2484147548675537
0.4396958351135254
0.11241118609905243
0.6407923698425293
0.441156268119812
-0.10230965167284012
0.7924439907073975
-0.28966769576072693
0.05250748619437218
0.5228604674339294
2.3022053241729736
-1.4688938856124878
-1.586688756942749
-1.8971244096755981
0.7306516170501709
2.6700942516326904
-0.7725329995155334
-1.6295274496078491
0.8173121809959412
1.5129179954528809
0.2819461226463318
-2.1545791625976562
0.3250216245651245
1.686112403869629
-0.3200165033340454
-1.1013002395629883
0.40584009885787964
2.8195817470550537
-0.1272749900817871
-1.643305778503418
1.0858728885650635
1.889121651649475
-0.515923798084259
-1.0181355476379395
2.5956342220306396
0.7098954916000366
-2.1551198959350586
